0 - [1, 0, 0, 0, 10, 10]
 - [1, 0, 0, 0, 10, 50000]
 - [1, 0, 0, 0, 50000, 10]

0 - [1, 0, 0, 0, 10, 10]
 - [1, 0, 0, 0, 10, 50000]
 - [1, 0, 0, 0, 50000, 10]

0 - [1, 0, 0, 0, 10, 10]
 - [1, 0, 0, 0, 10, 50000]
 - [1, 0, 0, 0, 50000, 10]

0 - [1, 0, 0, 0, 10, 10]
 - [1, 0, 0, 0, 10, 50000]
 - [1, 0, 0, 0, 50000, 10]

0 - [1, 0, 0, 0, 10, 10]
 - [1, 0, 0, 0, 10, 50000]
 - [1, 0, 0, 0, 50000, 10]

0 - [1, 0, 0, 0, 10, 10]
 - [1, 0, 0, 0, 10, 50000]
 - [1, 0, 0, 0, 50000, 10]

0 - [1, 0, 0, 0, 10, 10]
 - [1, 0, 0, 0, 10, 50000]
 - [1, 0, 0, 0, 50000, 10]

0 - [1, 0, 0, 0, 10, 10]
 - [1, 0, 0, 0, 10, 50000]
 - [1, 0, 0, 0, 50000, 10]

0 - [1, 0, 0, 0, 10, 10]
 - [1, 0, 0, 0, 10, 50000]
 - [1, 0, 0, 0, 50000, 10]

0 - [1, 0, 0, 0, 10, 10]
 - [1, 0, 0, 0, 10, 50000]
 - [1, 0, 0, 0, 50000, 10]

